32824,80
32824,80
32824,80
32824,80
32824,80
32824,80
32824,80
32824,80
32824,80
32824,80
32824,80
32824,80
32824,80
32824,80
32824,80
32824,80
32824,80
32824,80
63
32824,80
32824,80
32824,80
32824,80
32824,80
32824,80
32824,80
32824,80
32824,80
32824,80
32824,80
32824,80
34884,443
34882,443
34886,443
34890,443
34892,443
34888,443
39784,80
39786,80
39776,80
47498,80
47500,80
55158,80
55162,80
55240,80
55242,80
55160,80
55226,80
54798,80
54800,80
41514,80
41856,80
41518,80
41862,80
41516,80
44580,80
44582,80
55868,80
55866,80
57184,80
57182,80
57178,80
62
61
61
71
53948,443
61
61
61
53948,443
53948,443
60
61
53948,443
53948,443
53948,443
53948,443
53948,443
53948,443
32824,80
53948,443
32824,80
53948,443
53948,443
53948,443
53948,443
53948,443
53948,443
53948,443
53948,443
53948,443
53948,443
53948,443
53948,443
53948,443
53948,443
53948,443
53948,443
53948,443
53948,443
53948,443
53948,443
32824,80
53948,443
53948,443
53948,443
32824,80
53948,443
53948,443
32824,80
53948,443
53948,443
32824,80
53948,443
53948,443
53948,443
56090,443
32824,80
56090,443
56090,443
56090,443
56090,443
56090,443
56090,443
56090,443
56090,443
56090,443
32824,80
32824,80
56090,443
56090,443
56090,443
56090,443
53948,443
53948,443
53948,443
53948,443
53948,443
32824,80
32824,80
32824,80
32824,80
53948,443
53948,443
53948,443
53948,443
53948,443
53948,443
53948,443
53948,443
53948,443
53948,443
32824,80
53948,443
53948,443
32824,80
32824,80
32824,80
32824,80
32824,80
32824,80
32824,80
32824,80
53948,443
58
53948,443
53948,443
53948,443
32824,80
53948,443
53948,443
32824,80
32824,80
53948,443
53948,443
53948,443
53948,443
53948,443
53948,443
43852,80
62
53948,443
53948,443
53948,443
58942,80
40156,443
53948,443
58940,80
40156,443
58942,80
40156,443
40156,443
40156,443
43852,80
32824,80
40156,443
43852,80
32824,80
32824,80
32824,80
43852,80
58940,80
32824,80
58940,80
69
75
67
61
64
63
40156,443
40156,443
70
57478,443
40156,443
57478,443
62
44428,443
44430,443
62
45364,443
45366,443
55600,443
55602,443
55604,443
55606,443
55608,443
57478,443
57478,443
57478,443
57478,443
55600,443
55606,443
55602,443
55608,443
55604,443
47560,443
55612,443
55614,443
55616,443
55618,443
55620,443
55622,443
42080,443
42082,443
55600,443
32824,80
55606,443
55602,443
55608,443
55604,443
57478,443
47560,443
55618,443
42082,443
42080,443
55620,443
54784,80
55612,443
55614,443
55616,443
47560,443
55600,443
55600,443
55618,443
55622,443
55600,443
55606,443
55608,443
55608,443
55604,443
42082,443
55606,443
55608,443
55602,443
55602,443
55602,443
47560,443
47560,443
47560,443
55604,443
45364,443
55602,443
55618,443
55618,443
47560,443
45366,443
55618,443
42080,443
42082,443
42082,443
55620,443
42082,443
55612,443
44464,443
55614,443
55616,443
55622,443
32824,80
45364,443
45366,443
55600,443
42080,443
42080,443
55606,443
47492,80
55608,443
55620,443
55620,443
55612,443
55620,443
55612,443
55612,443
47560,443
55614,443
55614,443
55616,443
55614,443
55616,443
55618,443
55602,443
44428,443
55604,443
55622,443
44428,443
55622,443
42082,443
44430,443
44430,443
42080,443
55620,443
55612,443
55614,443
53948,443
55616,443
55622,443
32824,80
45364,443
45364,443
45364,443
45366,443
45366,443
53948,443
53948,443
44464,443
40156,443
40156,443
44428,443
44428,443
32824,80
44430,443
44430,443
45364,443
40156,443
45366,443
40156,443
40156,443
32824,80
44428,443
32824,80
44430,443
40156,443
40156,443
40156,443
40156,443
40156,443
32824,80
40156,443
40156,443
40156,443
40156,443
40156,443
40156,443
40156,443
32824,80
32824,80
40156,443
65
56620,443
56620,443
32824,80
56620,443
56620,443
56620,443
56620,443
56620,443
56620,443
56620,443
56620,443
56620,443
56620,443
56620,443
56620,443
56620,443
56620,443
56620,443
49658,443
49658,443
49658,443
49658,443
49658,443
49658,443
32824,80
32824,80
32824,80
49658,443
32824,80
32824,80
32824,80
47492,80
32824,80
32824,80
32824,80
52708,5228
32824,80
32824,80
32824,80
32824,80
32824,80
59
53948,443
53948,443
53948,443
53948,443
53948,443
53948,443
32824,80
32824,80
32824,80
32824,80
56090,443
32824,80
32824,80
56090,443
56090,443
56090,443
56090,443
56090,443
56090,443
56090,443
56090,443
32824,80
32824,80
53948,443
53948,443
53948,443
47492,80
37624,80
37626,80
37628,80
37630,80
37632,80
37634,80
53948,443
53948,443
67
67
66
53948,443
63
66
70
53948,443
53948,443
32824,80
38732,80
38734,80
50898,80
50900,80
48474,443
38732,80
38734,80
37624,80
37626,80
32824,80
32824,80
32824,80
53948,443
32824,80
53948,443
53948,443
53948,443
53948,443
53948,443
53948,443
53948,443
53948,443
53948,443
53948,443
53948,443
53948,443
53948,443
53948,443
53948,443
53948,443
53948,443
53948,443
53948,443
53948,443
32824,80
32824,80
32824,80
32824,80
32824,80
32824,80
32824,80
32824,80
40156,443
32824,80
40156,443
32824,80
40156,443
32824,80
32824,80
32824,80
32824,80
32824,80
32824,80
37624,80
40156,443
32824,80
32824,80
40156,443
40156,443
40156,443
40156,443
40156,443
40156,443
40156,443
40156,443
40156,443
40156,443
40156,443
40156,443
40156,443
40156,443
32824,80
32824,80
40156,443
32824,80
40156,443
40156,443
40156,443
40156,443
40156,443
40156,443
40156,443
32824,80
40156,443
40156,443
40156,443
40156,443
32824,80
32824,80
32824,80
42082,443
42080,443
32824,80
40156,443
40156,443
57478,443
47560,443
55600,443
55606,443
55608,443
55604,443
55602,443
45364,443
45366,443
42082,443
42080,443
55618,443
32824,80
55620,443
55612,443
55614,443
55616,443
55622,443
44464,443
58942,80
65
40156,443
47560,443
58942,80
56620,443
56620,443
32824,80
37624,80
56620,443
51544,443
51546,443
51548,443
51550,443
32824,80
40156,443
40156,443
44464,443
51552,443
70
66
51548,443
51548,443
32824,80
51550,443
51544,443
51546,443
51550,443
51544,443
51546,443
40156,443
40156,443
57556,443
57558,443
57556,443
57556,443
57558,443
57558,443
57556,443
57556,443
57556,443
57556,443
57556,443
57556,443
57556,443
57558,443
57558,443
57558,443
57558,443
57556,443
57556,443
57556,443
57558,443
57556,443
32824,80
51552,443
51548,443
51548,443
51548,443
32824,80
32824,80
51550,443
51550,443
51550,443
51544,443
51544,443
51546,443
51546,443
51546,443
40156,443
51546,443
32824,80
32824,80
57556,443
57556,443
32824,80
44428,443
44430,443
59532,443
55674,443
55676,443
55678,443
55680,443
44518,443
55684,443
55686,443
55688,443
55690,443
55692,443
55694,443
59532,443
59532,443
40156,443
55678,443
55676,443
55674,443
55678,443
55676,443
55686,443
55674,443
51548,443
55686,443
55684,443
55684,443
59532,443
55688,443
55680,443
59532,443
55688,443
55692,443
55694,443
55680,443
55692,443
55694,443
55690,443
55690,443
51550,443
51544,443
61
51546,443
55678,443
55676,443
55678,443
55674,443
55686,443
55686,443
55686,443
55676,443
55674,443
55684,443
55684,443
55684,443
55686,443
55684,443
59532,443
59532,443
59532,443
55688,443
55680,443
55688,443
55694,443
55694,443
55680,443
55694,443
59532,443
59532,443
55690,443
47432,80
55690,443
55692,443
55692,443
55692,443
55692,443
32824,80
47432,80
47432,80
47432,80
55678,443
55674,443
55686,443
55676,443
55680,443
55694,443
55688,443
59532,443
55692,443
32824,80
44534,443
55684,443
59532,443
59532,443
55690,443
44428,443
44518,443
44518,443
44430,443
51548,443
51550,443
40156,443
51544,443
40156,443
51546,443
57556,443
57556,443
57556,443
32824,80
44534,443
44518,443
44518,443
59532,443
40156,443
32824,80
59532,443
32824,80
40156,443
40156,443
32824,80
32824,80
32824,80
40156,443
40156,443
32824,80
49658,443
45468,443
45470,443
40156,443
40156,443
40180,443
55678,443
55676,443
55674,443
55706,443
40184,443
40186,443
55680,443
55678,443
55676,443
40180,443
40180,443
55678,443
40184,443
40156,443
40184,443
55674,443
55674,443
40186,443
55706,443
55680,443
55680,443
40186,443
55706,443
55676,443
45468,443
45468,443
40184,443
55678,443
40184,443
55712,443
55674,443
55680,443
45470,443
32824,80
45470,443
40180,443
40180,443
55676,443
40180,443
40186,443
55706,443
55712,443
40156,443
55674,443
55674,443
55712,443
55680,443
55678,443
55706,443
40184,443
40180,443
32824,80
51850,443
55712,443
55716,443
55718,443
55678,443
40184,443
40186,443
55712,443
40184,443
40186,443
40180,443
40156,443
55678,443
40184,443
40180,443
40180,443
40180,443
40184,443
40184,443
40184,443
55718,443
55716,443
45468,443
45468,443
55706,443
51850,443
45470,443
40180,443
40180,443
40180,443
40180,443
40186,443
40186,443
40186,443
40186,443
40186,443
40186,443
40186,443
40186,443
40156,443
45468,443
45470,443
40186,443
40186,443
40186,443
40186,443
40186,443
40186,443
40186,443
40186,443
40186,443
32824,80
32824,80
55718,443
55716,443
51850,443
40156,443
45468,443
55680,443
55674,443
40156,443
40156,443
47586,443
55676,443
40186,443
40186,443
40186,443
55718,443
55718,443
55718,443
55718,443
55718,443
55716,443
55716,443
55674,443
55674,443
55674,443
55674,443
55674,443
55674,443
55674,443
55674,443
55674,443
55674,443
55674,443
55674,443
55674,443
55680,443
55716,443
55676,443
55676,443
51850,443
51850,443
51850,443
40186,443
40186,443
40186,443
45468,443
55674,443
55674,443
55674,443
55674,443
55674,443
55674,443
55674,443
40186,443
40186,443
45470,443
40186,443
40186,443
55706,443
65
55718,443
55718,443
55716,443
55678,443
40186,443
40186,443
40186,443
40186,443
40186,443
55716,443
51850,443
51850,443
41712,443
55676,443
55678,443
55706,443
55706,443
40186,443
40186,443
40156,443
41712,443
40186,443
40186,443
40186,443
40186,443
40186,443
40186,443
51850,443
40186,443
41712,443
45468,443
40186,443
40186,443
40186,443
40186,443
40186,443
40186,443
41712,443
41712,443
41712,443
41712,443
41712,443
40156,443
40156,443
40156,443
40156,443
41712,443
55706,443
55678,443
55674,443
55680,443
55678,443
55712,443
55674,443
55674,443
55674,443
55706,443
55706,443
55706,443
55680,443
55680,443
32824,80
41712,443
55680,443
45468,443
45468,443
45468,443
55680,443
40156,443
32824,80
32824,80
32824,80
32824,80
55676,443
32824,80
40156,443
40156,443
40156,443
40156,443
40156,443
40156,443
40156,443
40156,443
40156,443
40156,443
40156,443
40156,443
40156,443
40156,443
40156,443
40156,443
40156,443
40156,443
40156,443
40156,443
32824,80
40156,443
40156,443
40156,443
40156,443
40156,443
40156,443
42178,443
42178,443
42178,443
42178,443
42178,443
42178,443
42178,443
42178,443
32824,80
42178,443
47674,443
47674,443
47674,443
32824,80
47674,443
47674,443
47674,443
32824,80
47674,443
32824,80
40156,443
32824,80
32824,80
32824,80
32824,80
32824,80
32824,80
32824,80
32824,80
32824,80
