57598,443
60202,443
52488,443
60206,443
55854,443
60240,443
42538,443
60244,443
55854,443
55854,443
60240,443
60240,443
60244,443
55854,443
55854,443
42538,443
60240,443
60244,443
55854,443
60240,443
42538,443
60244,443
55854,443
60240,443
60244,443
42538,443
42538,443
60244,443
42538,443
52680,443
52680,443
52680,443
33630,443
52680,443
52680,443
52680,443
52680,443
52680,443
52680,443
52680,443
52680,443
52680,443
52680,443
52680,443
52680,443
52680,443
52680,443
52680,443
52680,443
52680,443
52680,443
52680,443
52680,443
52680,443
52680,443
52680,443
52680,443
52680,443
52680,443
52680,443
52680,443
52680,443
52680,443
52680,443
52680,443
52680,443
52680,443
52680,443
52680,443
52680,443
52680,443
52680,443
52680,443
52680,443
52680,443
52680,443
52680,443
52680,443
52680,443
52680,443
52680,443
52680,443
54012,443
54012,443
54012,443
54012,443
54012,443
54012,443
54012,443
52680,443
52680,443
53974,443
53974,443
53974,443
53974,443
53974,443
53974,443
53974,443
52680,443
52680,443
52680,443
52680,443
52680,443
52680,443
52680,443
52680,443
52680,443
52680,443
52680,443
52680,443
52680,443
52680,443
52680,443
52680,443
52680,443
52680,443
52680,443
52680,443
52680,443
53974,443
53974,443
52680,443
52680,443
52680,443
47228,443
52680,443
46182,443
47228,443
47228,443
46184,443
46182,443
46182,443
46184,443
56224,443
54012,443
54078,443
56222,443
56222,443
54078,443
54078,443
54078,443
54078,443
54078,443
54078,443
54078,443
54078,443
54078,443
54078,443
54078,443
56224,443
56222,443
56222,443
56222,443
56222,443
56222,443
56222,443
54078,443
54078,443
54078,443
56222,443
56222,443
56222,443
52680,443
52680,443
52680,443
60300,443
60300,443
60300,443
60300,443
60300,443
60300,443
55854,443
60240,443
50310,443
50312,443
50314,443
50316,443
50318,443
50320,443
50312,443
50318,443
50312,443
50318,443
50310,443
50310,443
50314,443
50314,443
50320,443
50316,443
50320,443
50316,443
50318,443
50312,443
50318,443
50312,443
50310,443
50314,443
50310,443
50314,443
50320,443
50316,443
50320,443
50316,443
53974,443
50318,443
50312,443
50310,443
50314,443
50320,443
50316,443
53974,443
53974,443
53974,443
53974,443
53974,443
53974,443
53974,443
53974,443
53974,443
53974,443
53974,443
42538,443
60244,443
60316,443
60316,443
60316,443
60316,443
50318,443
50318,443
50312,443
50312,443
60316,443
50310,443
50314,443
50316,443
50320,443
60316,443
33698,443
33696,443
33694,443
33698,443
33696,443
33694,443
53996,443
53974,443
53974,443
53974,443
53974,443
53974,443
53974,443
53974,443
53974,443
53974,443
53974,443
53974,443
53974,443
53974,443
53974,443
53974,443
53974,443
53974,443
54002,443
46046,443
54012,443
54012,443
54012,443
54012,443
35892,443
52680,443
52680,443
52680,443
52680,443
52680,443
33694,443
33696,443
33698,443
39014,443
39014,443
39014,443
39014,443
39014,443
39014,443
39014,443
39014,443
39014,443
54448,443
54450,443
54452,443
54454,443
54456,443
54458,443
52328,443
41104,443
41104,443
41106,443
41106,443
41104,443
41104,443
41104,443
41106,443
41106,443
41104,443
54458,443
59600,443
59598,443
54452,443
54448,443
54450,443
38948,443
54456,443
41106,443
54458,443
59600,443
59598,443
38946,443
54454,443
54452,443
54448,443
54450,443
38948,443
54456,443
38946,443
54454,443
54478,443
54480,443
54482,443
54484,443
54486,443
54488,443
47948,443
47950,443
41104,443
59600,443
59600,443
54458,443
59598,443
59600,443
54458,443
59598,443
59600,443
54458,443
59598,443
41106,443
54448,443
54452,443
38948,443
54452,443
54448,443
54450,443
54452,443
54480,443
54450,443
38948,443
54456,443
54482,443
54478,443
47948,443
47950,443
38946,443
54450,443
54488,443
54454,443
54456,443
54486,443
54484,443
38946,443
54454,443
54480,443
54482,443
54478,443
47948,443
47950,443
54488,443
54486,443
54484,443
54480,443
54482,443
54482,443
54478,443
54448,443
54452,443
47948,443
47950,443
54488,443
54486,443
54484,443
38948,443
52362,443
54450,443
54456,443
38946,443
54454,443
47950,443
47948,443
52330,443
52328,443
52330,443
52328,443
52332,443
52332,443
39014,443
39014,443
39014,443
39014,443
39014,443
39014,443
46184,443
52362,443
46182,443
39014,443
54480,443
54480,443
52330,443
52330,443
52328,443
52328,443
52332,443
52332,443
54480,443
54480,443
54480,443
54480,443
54480,443
54480,443
54012,443
54012,443
54012,443
52330,443
52328,443
52332,443
39014,443
39014,443
39014,443
39014,443
39014,443
39014,443
39014,443
39014,443
39014,443
54012,443
39014,443
39014,443
39014,443
39014,443
39014,443
56224,443
54012,443
39014,443
39014,443
60300,443
47228,443
54480,443
39014,443
54480,443
56224,443
46184,443
56384,443
39014,443
56384,443
56384,443
56384,443
56384,443
56384,443
56384,443
56384,443
56384,443
56384,443
56384,443
39014,443
39014,443
39014,443
39014,443
39014,443
39014,443
39014,443
39014,443
39014,443
39014,443
39014,443
39014,443
39014,443
39014,443
39014,443
39014,443
56384,443
56384,443
39014,443
39014,443
39014,443
39014,443
39014,443
39014,443
53996,443
53996,443
53996,443
39014,443
53996,443
53996,443
53996,443
53996,443
39014,443
39014,443
39014,443
39014,443
39014,443
60316,443
39014,443
39014,443
39014,443
39014,443
