32824,80
32824,80
32824,80
32824,80
32824,80
32824,80
32824,80
32824,80
32824,80
32824,80
32824,80
32824,80
32824,80
72
72
32824,80
62
73
67
32824,80
32824,80
32824,80
75
32824,80
32824,80
32824,80
32824,80
32824,80
32824,80
63
61
67
63
63
74
64
55862,80
55864,80
55866,80
55868,80
63
55158,80
55160,80
55162,80
71
44992,80
44994,80
44996,80
62
41514,80
41516,80
41518,80
57178,80
55866,80
55868,80
55862,80
40020,443
55866,80
57178,80
57182,80
57184,80
57180,80
50816,443
34792,443
58794,443
34882,443
34884,443
34886,443
34888,443
34890,443
34892,443
58794,443
34792,443
58794,443
34792,443
58794,443
58794,443
34792,443
50816,443
34792,443
50816,443
34886,443
34882,443
34890,443
34886,443
34890,443
34884,443
34888,443
34892,443
34888,443
34892,443
50816,443
50816,443
58794,443
34792,443
40040,443
34886,443
34886,443
34886,443
34882,443
34884,443
34890,443
34888,443
34892,443
34886,443
34882,443
34884,443
34890,443
34888,443
44994,80
34892,443
44996,80
44992,80
50816,443
41514,80
32824,80
41516,80
41518,80
40020,443
40020,443
34886,443
34884,443
34882,443
34890,443
34888,443
34892,443
55866,80
55866,80
55866,80
55866,80
55866,80
55866,80
55866,80
40040,443
65
55158,80
55162,80
55158,80
55162,80
40020,443
39776,80
40020,443
39776,80
34886,443
34882,443
34884,443
34890,443
34888,443
32824,80
34886,443
34882,443
34890,443
34888,443
68
71
68
40020,443
55162,80
68
63
55162,80
70
65
69
57178,80
55158,80
55160,80
55162,80
32824,80
57178,80
55158,80
55160,80
56046,443
54784,80
56046,443
56046,443
47492,80
55162,80
56046,443
56046,443
47492,80
56046,443
56046,443
56046,443
56046,443
56046,443
47492,80
55162,80
32824,80
47492,80
55162,80
56046,443
72
59
74
56046,443
54784,80
54784,80
71
68
71
41514,80
70
71
67
56046,443
68
71
75
56046,443
72
69
32824,80
61
47492,80
47492,80
72
67
59
66
55866,80
67
66
71
39784,80
39786,80
47498,80
47500,80
55226,80
54798,80
54800,80
39784,80
47498,80
47500,80
44566,80
44568,80
44570,80
55162,80
39786,80
55226,80
55162,80
55158,80
32824,80
74
55162,80
54798,80
77
44568,80
44566,80
44570,80
55158,80
55868,80
54800,80
44568,80
55162,80
44568,80
32824,80
34792,443
34792,443
34792,443
34888,443
34792,443
34792,443
34884,443
34890,443
34882,443
34792,443
50816,443
50816,443
50816,443
34792,443
34792,443
34792,443
34792,443
34792,443
34792,443
34792,443
34792,443
34888,443
34884,443
32824,80
34792,443
34890,443
34882,443
41514,80
55866,80
32824,80
57178,80
57182,80
50816,443
57178,80
57182,80
39776,80
39776,80
55162,80
55158,80
55868,80
55162,80
55158,80
34884,443
55866,80
55866,80
55866,80
55866,80
55866,80
32824,80
34884,443
34884,443
34888,443
34888,443
50816,443
34884,443
32824,80
61
65
54
61
56
41514,80
57182,80
41516,80
57178,80
41518,80
74
57182,80
34888,443
34884,443
57178,80
34882,443
55158,80
34890,443
55162,80
55160,80
55226,80
57184,80
34886,443
34892,443
34792,443
34792,443
34792,443
57178,80
40020,443
40020,443
55158,80
55162,80
55160,80
34792,443
57184,80
34792,443
40020,443
55226,80
32824,80
32824,80
56046,443
34884,443
34882,443
34792,443
56046,443
34886,443
34892,443
34890,443
34888,443
57178,80
54784,80
47492,80
55226,80
47492,80
57178,80
34888,443
55226,80
34890,443
34892,443
34886,443
34882,443
34884,443
54784,80
69
71
73
55226,80
55226,80
34890,443
34892,443
34886,443
75
71
72
34884,443
34882,443
34888,443
34886,443
34892,443
34890,443
34888,443
75
67
74
40020,443
34888,443
34884,443
34886,443
34882,443
34890,443
34892,443
68
73
73
34888,443
34890,443
34892,443
34890,443
34888,443
34892,443
32824,80
41518,80
41514,80
41516,80
63
47492,80
56046,443
47492,80
56046,443
40020,443
32824,80
32824,80
41856,80
32824,80
44566,80
55226,80
55160,80
41518,80
55226,80
55160,80
44566,80
55160,80
32824,80
44994,80
55160,80
55160,80
55226,80
55866,80
55226,80
55160,80
41856,80
55226,80
55226,80
32824,80
44994,80
44994,80
32824,80
55866,80
32824,80
41518,80
44994,80
57178,80
57182,80
57178,80
57182,80
32824,80
55226,80
55226,80
55226,80
55226,80
32824,80
41518,80
41516,80
32824,80
32824,80
32824,80
55240,80
55242,80
41862,80
44580,80
44582,80
55240,80
55242,80
55866,80
44580,80
44582,80
32824,80
41518,80
41516,80
41862,80
32824,80
32824,80
55866,80
55866,80
39776,80
55226,80
39776,80
55160,80
55226,80
55160,80
34892,443
44994,80
34892,443
34892,443
55160,80
34888,443
63
55160,80
55866,80
55866,80
55866,80
55866,80
34888,443
55160,80
55226,80
55226,80
34892,443
67
76
70
55160,80
44996,80
54784,80
56046,443
56046,443
47492,80
55160,80
47492,80
71
69
44994,80
70
54784,80
55160,80
44994,80
32824,80
32824,80
32824,80
56046,443
47492,80
47492,80
55160,80
56046,443
44570,80
32824,80
44570,80
55160,80
55226,80
55160,80
55226,80
55226,80
44996,80
44996,80
55866,80
32824,80
55226,80
55226,80
44994,80
57182,80
55226,80
44994,80
57182,80
55226,80
32824,80
41516,80
55226,80
55226,80
32824,80
55866,80
44994,80
32824,80
32824,80
32824,80
41516,80
41516,80
57182,80
57178,80
57182,80
57178,80
55226,80
55226,80
41516,80
32824,80
32824,80
32824,80
32824,80
32824,80
41516,80
32824,80
32824,80
32824,80
32824,80
32824,80
32824,80
32824,80
32824,80
52708,5228
32824,80
32824,80
32824,80
32824,80
32824,80
32824,80
